warps:
  spawn:
    world: world
    x: -135.62298223661284
    y: 80.0
    z: 222.33032858250928
    yaw: -175.18488
    pitch: 10.349631
    owner: 18e9bc1f-9489-39e4-b44e-d3b71570181f
